Torso0: -0.080215

VHIP0: 0.000000
PHIP0: -0.124725
PHIPF: 0.096941

TMAX: 0.601490 
TAUMAX:  1 

q0: [0.280758,  -0.373142,  -0.147413,  0.333316]

a: [[0.280758, 0.180659, 0.173055, 0.142072, 0.173208, 0.332447],
[-0.373142, -0.263476, -0.201206, -0.142879, -0.127851, -0.147370],
[-0.147413, -0.180251, -0.353050, -0.581044, -0.486365, -0.371447],
[0.333316, 0.508964, 0.657714, 0.699556, 0.440059, 0.279083]]

tau_time_coeff: [0.22387940, 3.14571620, -2.78254872, 2.14771600, 0.00049709] 

tau_v1: 0.99999960 
T_v1: 0.60148967 

dtau_time_coeff: [30.73133509, -35.54935736, 23.72977968, -7.63414861, 2.22351294] 

dtau_tau_coeff: [-1.70427437, 2.95656557, 2.54452657, -3.51822574, 2.22453168] 

# Gains:
P: -400
D: -4
