Torso0: -0.034973

VHIP0: 0.000000
PHIP0: -0.244448
PHIPF: 0.186446

TMAX: 0.664696 
TAUMAX:  1 

q0: [1.202749,  -0.957865,  -0.485219,  1.242048]

a: [[1.202750, 1.322727, 1.065369, 0.867369, 1.170280, 1.241302],
[-0.957865, -0.920458, -0.698180, -0.386231, -0.512003, -0.483739],
[-0.485219, -0.421432, -1.299044, -0.668905, -1.071803, -0.942924],
[1.242048, 1.320534, 1.664917, 0.833281, 1.335029, 1.190284]]

tau_time_coeff: [1.14036308, 0.80854887, -1.56107421, 1.84720859, 0.00078086] 

tau_v1: 0.99999872 
T_v1: 0.66469575 

dtau_time_coeff: [24.30216939, -26.64822842, 15.45847890, -5.06818998, 1.92068687] 

dtau_tau_coeff: [0.02440015, 1.01050431, 1.84870664, -2.48850873, 1.91621237] 

# Gains:
P: -400
D: -4
